etpol
Params:
context_length: 512
d_model: 768
num_heads: 16
num_hidden_layers: 4
d_hidden: 2048
num_encoders: 7
lr: 6.871199163253075e-05
dropout: 0.3099236390195026
batch_size: 32
num_epochs: 10

